ST300NTW;100850000;02;0;internet;;;111.111.111.111;8600;;;;
ST300NTW;Res;100850000;010;0;internet;;;111.111.111.111;8600;;;;
ST300NTW;Res;100850000;010;A1;tim.br;tim;tim;111.111.111.111;8600;;;;

ST300RPT;100850000;02;180;120;60;3;0;0;0;0;0
ST300RPT;Res;100850000;010;180;120;60;3;0;0;0;0;0

ST300EVT;100850000;02;1;60;0;3;2;2;30;20;20;1;0;1;0;0;0;0;0;0;0;0;0;0;0;0
ST300EVT;Res;100850000;010;1;60;0;3;2;2;30;20;20;1;0;1;0;0;0;0;0;0;0;0;0;0;0;0

ST300GSM;100850000;02;0;;;;;0;;;;;;;
ST300GSM;Res;100850000;010;0;;;;;0;;;;;;;

ST300SVC;100850000;02;1;120;0;0;0;0;1;1;1;0;0;0;0
ST300SVC;Res;100850000;010;1;120;0;0;0;0;1;1;1;0;0;0;0

ST300MBV;100850000;02;0;22;19;8.00;18.00;0;0
ST300MBV;Res;100850000;122;0;22;19;8.00;18.00;0;0

ST300MSR;100852588;02;600;0.04;0.04;0.7
ST300MSR;Res;100852588;128;600;0.04;0.04;0.70

ST300CGF;100850000;02;1;1;+37.000000;+127.000000;50;1;1
ST300CGF;Res;100850000;010;1;1;+37.000000;+127.000000;50;1;1

ST300ADP;100850000;02;U;T;2;9000;0;0;0;0;0;0
ST300ADP;Res;100850000;022;U;T;2;9000;0;0;0;0;0;0

ST300NPT;100850000;02;0;0;0;0;0;500;300;5;10;70;5;10;70;0
ST300NPT;Res;100850000;010; 02;0;0;0;0;0;500;300;5;10;70;5;10;70;0

ST300HTP;100850000;02;1;1;16344;16;3200;1500;4000;0;0100004E160000;;1;10;1000;0;0
ST300HTP;Res;100850000;267;1;1;16344;16;3200;1500;4000;0;0100004E160000;;1;10;1000;0;0

ST300HAD;100850000;02;001;00001000000000;002;00002000ABCDEF;005;00003333AAAAAA;
ST300HAD;Res;100850000;267;001;00001000000000;002;00002000ABCDEF;005;00003333

ST300HRD;100850000;02;001
ST300HRD;Res;100850000;267;001

ST300HGD;100850000;02;001
ST300HGD;Res;100850000;267;001;00001000000000

ST300HGD;Res;100850000;267;001;01000000000101;002;01000000000102;003;01000000000103;004;01000000000104;005;01000000000105;006;01000000000106;007;01000000000107;008;01000000000108;009;01000000000101;010;01000000000101;011;01000000000111;012;01000000000112;013;01000000000113;014;01000000000114;015;01000000000115;016;01000000000116;017;01000000000117;018;01000000000118;019;01000000000119;020;01000000000120;
ST300HGD;Res;100850000;267;021;01000000000121

ST300DPA;600850000;02;1;0.0;30.0;100.0;70.0;100.0
ST300DPA;Res;600850000;010;1;0.0;30.0;100.0;70.0;100.0

ST300ECU;850000;02;1;120;100;200;100;8000;14.3;0
ST300ECU;Res;850000;02;1;120;100;200;100;8000;14.3;0
ST300ECU;Res;850000;02;CE

ST300GES;850000;02
ST300GES;Res;850000;02;1;120;100;200;100;8000;14.3;0

ST300GED;850000;02
ST300GED;Res;850000;292;20110101;02:06:16;00000;+19.445873;-099.126891;000.000;000.00;0;0;0;12.39;000000;0;0.00;0.00;0.00;0;0;0.00;0;00000000;0.00;0.00

ST300GED;Res;850000;010;20080101;00:02:37;00000;+36.479528;+127.885968;000.000;000.00;0;0;0;11.93;000000;0;181312.00;0.00;0.00;60;0;40.00;17;0;0.00;0.00

ST300LTM;100850000;02;1;2;0
ST300LTM;Res;100850000;010;1;2;0

ST300PLG;850000;02;1;1;1;1;3600;60;1;80.5;75;28.5;2;30.33;1;position 1

ST300PLG;850000;02;1;1;1;0

ST300PLG;850000;02;1;4;1;1;3600;60;1;80.5;75;28.5;2;30.33;1;position 1
ST300PLG;Res;850000;104;1;4;1;1;3600;60;1;80.5;75;28.5;2;30.33;1;position 1
ST300PLG;850000;02;2;4;1;126.885545;37.480648;126.887466;37.478162;126.885095;37.477506;126.884279;37.479005;126.883764;37.478885
ST300PLG;Res;850000;104;2;4;1;126.885545;37.480648;126.887466;37.478162;126.885095;37.477506;126.884279;37.479005;126.883764;37.478885
ST300PLG;850000;02;3;4;1;126.884773;37.476655;126.888517;37.477710;126.886328;37.480520;;;;
ST300PLG;Res;850000;104;3;4;1;126.884773;37.476655;126.888517;37.477710;126.886328;37.480520;;;;
ST300PLG;850000;02;4;4;1;1
ST300PLG;Res;850000;104;4;4;1;1

ST300PLG;850000;02;1;2;1;0;0;0;0;0;0;0;0;0;0
ST300PLG;Res;850000;104;1;2;1;0;0;0;0;0;0;0;0;0;0
ST300PLG;850000;02;2;2;1;0
ST300PLG;Res;850000;104;2;2;1;0

ST300PLS;850000;02;1;3600
ST300PLS;Res;850000;104;1;3600

ST300PLC;850000;02;GetPolygonGroupInfo;1
ST300PLC;Res;850000;104;GetPolygonGroupInfo;1;1;1;60;0;3600;28.5;2;30.33;1;8;position 1

ST300PLC;850000;02;GetPolygonGroupPos;1
ST300PLC;Res;850000;104;GetPolygonGroupPos;1;1;10;37.509683;126.882037;37.508841;126;880202;37.507981;126.80953;37.508926;126.882616;37.508887;126.901611
ST300PLC;Res;850000;104;GetPolygonGroupPos;1;2;10;37.509683;126.882037;37.508841;126;880202;37.507981;126.80953;37.508926;126.882616;37.508887;126.901611

ST300PLC;850000;02;ErasePolygonGroup;1
ST300PLC;Res;850000;104; ErasePolygonGroup;1

ST300PLC;850000;02;GetPolygonServiceInfo
ST300PLC;Res;850000;104;GetPolygonServiceInfo;1;3600

ST300CTR;100850000;02;1
ST300CTR;Res;100850000;010;1

ST300CTR;100850000;02;R;1
ST300CTR;100850000;02;R0
ST300CTR;100850000;02;R1

ST300STR;100850000;02;1;+22.123456;-0.222222;100;+22.127890;+0.222333;0
ST300STR;Res;100850000;010;1;+22.123456;-0.222222;100;+22.127890;+0.222333;0

ST300GTR;100850000;02
ST300GTR;Res;100850000;010;1;1;+22.123456;-0.222222;100;+22.127890;+0.222333;0
ST300GTR;Res;100850000;010;0;3;+22.133456;-0.222222;100;+22.137890;+0. 222333;0

ST300STT;100850000;01;010;20081017;07:41:56;00100;+37.478519;+126.886819;000.012;000.00;9;1;0;15.30;001100;1;0072;0;4.5;1
ST300STT;100850000;10;010;20081017;07:41:56;00100;+37.478519;+126.886819;000.012;000.00;9;1;0;15.30;00110000;1;0072;0;4.5;1;12.35
ST300STT;100850000;07;010;20081017;07:41:56;00100;+37.478519;+126.886819;000.012;000.00;9;1;0;15.30;001100;1;0072;0;4.5;1;012497F1160000;1;3.75;4.21
ST300STT;100850000;04;010;20081017;07:41:56;00100;+37.478519;+126.886819;000.012;000.00;9;1;0;15.30;001100;1;0072;0;4.5;1;1750;012497F1160000;1
ST300STT;600850802;11;999;20141212;09:47:21;04600;+37.479370;+126.888552;000.120;000.00;3;1;10660;12.25;000000;2;0036;002068;0.0;1;3.10;302799;0.00;215.86
ST300STT;600850802;12;999;20141212;09:47:21;04600;+37.479370;+126.888552;000.120;000.00;3;1;10660;12.25;000000;2;0036;002068;0.0;1;3.10;302799;0.00;215.86;01488BF1160000;1
ST300STT;205123456;13;430;20141222;01:58:24;01454;+37.479530;+126.887844;000.000;000.00;5;1;8;12.14;10110000;2;0002;000046;0.0;0;10;3
ST300STT;600850805;14;453;20141222;03:01:49;01454;+37.479497;+126.887838;000.041;000.00;8;1;47;13.33;000000;1;0003;000320;0.0;1;0.00;0338;0336

ST300EMG;100850000;01;010;20081017;07:41:56;00100;+37.478519;+126.886819;000.012;000.00;9;1;0;15.30;001100;1;0;4.5;1
ST300EMG;100850000;01;010;20081017;07:41:56;00100;+37.478519;+126.886819;000.012;000.00;9;1;0;15.30;00110000;1;0;4.5;1;12.35
ST300EMG;100850000;01;010;20081017;07:41:56;00100;+37.478519;+126.886819;000.012;000.00;9;1;0;15.30;001100;1;0;4.5;1;012497F1160000;1;3.75;4.21
ST300EMG;100850000;01;010;20081017;07:41:56;00100;+37.478519;+126.886819;000.012;000.00;9;1;0;15.30;001100;1;0;4.5;1;1750;012497F1160000;1
ST300EMG;100850000;11;010;20081017;07:41:56;00100;+37.478519;+126.886819;000.012;000.00;9;1;0;15.30;001100;1;0;4.5;1;3.10;302799;0.00;215.86
ST300EMG;100850000;12;010;20081017;07:41:56;00100;+37.478519;+126.886819;000.012;000.00;9;1;0;15.30;001100;1;0;4.5;1;1750;3.10;302799;0.00;215.86;012497F1160000;1
ST300EMG;205123456;13;430;20141222;01:59:35;01454;+37.479801;+126.887904;000.357;000.00;5;1;108;12.14;11110000;1;000047;0.0;0;10;3
ST300EMG;600850805;14;453;20141222;04:16:15;01454;+37.479612;+126.888632;000.041;000.00;6;1;0;13.33;001100;1;000320;0.0;0;0.00;0336;0238
ST300EMG;100850001;01;010;20081017;07:41:56;2F100;+37.478519;+126.886819;032.012;000.00;9;1;500;15.30;001100;1;2000;4.5;1;1750;012497F1160000;1

ST300EVT;100850001;01;010;20081017;07:41:56;00100;+37.478519;+126.886819;000.012;000.00;9;1;0;15.30;001100;3;1;0;4.5;1
ST300EVT;100850001;01;010;20081017;07:41:56;00100;+37.478519;+126.886819;000.012;000.00;9;1;0;15.30;00110000;3;1;0;4.5;1;12.35
ST300EVT;100850001;01;010;20081017;07:41:56;00100;+37.478519;+126.886819;000.012;000.00;9;1;0;15.30;001100;3;1;0;4.5;1;012497F1160000;1;3.75;4.21
ST300EVT;100850001;01;010;20081017;07:41:56;00100;+37.478519;+126.886819;000.012;000.00;9;1;0;15.30;001100;3;1;0;4.5;1;1750;012497F1160000;1
ST300EVT;100850000;11;010;20081017;07:41:56;2F100;+37.478519;+126.886819;032.012;000.00;9;1;500;15.30;001100;1;2000;4.5;1;1750;3.10;302799;0.00;215.86
ST300EVT;100850000;12;010;20081017;07:41:56;2F100;+37.478519;+126.886819;032.012;000.00;9;1;500;15.30;001100;1;2000;4.5;1;1750;3.10;302799;0.00;215.86;012497F1160000;1
ST300EVT;205123456;13;430;20141222;02:10:23;01454;+37.479530;+126.887844;000.000;000.00;4;1;8;12.18;11110000;1;000050;0.0;1;10;3
ST300EVT;600850805;14;453;20141222;04:22:23;01454;+37.479497;+126.887838;000.041;000.00;6;1;8;13.38;001100;1;000320;0.0;1;0.00;0238;0336
ST300EVT;100850000;01;010;20081017;07:41:56;2F100;+37.478519;+126.886819;032.012;000.00;9;1;500;15.30;001100;1;2000;4.5;1;1750;012497F1160000;1

ST300ALT;100850000;01;010;20081017;07:41:56;00100;+37.478519;+126.886819;000.012;000.00;9;1;0;15.30;001100;3;0;4.5;1
ST300ALT;100850000;01;010;20081017;07:41:56;00100;+37.478519;+126.886819;000.012;000.00;9;1;0;15.30;00110000;3;0;4.5;1;12.35
ST300ALT;100850000;01;010;20081017;07:41:56;00100;+37.478519;+126.886819;000.012;000.00;9;1;0;15.30;001100;3;0;4.5;1;012497F1160000;1;3.75;4.21
ST300ALT;100850000;01;010;20081017;07:41:56;00100;+37.478519;+126.886819;000.012;000.00;9;1;0;15.30;001100;3;0;4.5;1;1750;012497F1160000;1
ST300ALT;100850001;11;010;20081017;07:41:56;2F100;+37.478519;+126.886819;032.512;000.00;9;1;500;15.30;001100;1;501;2000;4.5;1;1750;3.10;302799;0.00;215.86
ST300ALT;100850001;11;010;20081017;07:41:56;2F100;+37.478519;+126.886819;032.512;000.00;9;1;500;15.30;001100;28;501;2000;4.5;1;1750;3.10;302799;0.00;215.86;01020304;012497F1160000;1
ST300ALT;100850001;12;010;20081017;07:41:56;2F100;+37.478519;+126.886819;032.512;000.00;9;1;500;15.30;001100;1;501;2000;4.5;1;1750;3.10;302799;0.00;215.86;012497F1160000;1
ST300ALT;100850001;12;010;20081017;07:41:56;2F100;+37.478519;+126.886819;032.512;000.00;9;1;500;15.30;001100;28;501;2000;4.5;1;1750;3.10;302799;0.00;215.86;01020304;012497F1160000;1
ST300ALT;205123456;13;430;20141222;02:09:57;01454;+37.479530;+126.887844;000.000;000.00;4;1;8;12.14;10110000;45;000050;0.0;1;10;3
ST300ALT;600850805;14;453;20141222;04:37:48;01454;+37.479722;+126.888591;000.046;000.00;7;1;47;13.37;000000;73;000320;0.0;1;0.00;0238;0336

ST300ALT;000000;105;20110419;05:38:03;00054;+37.504995;+126.877360;029.863;136.13;8;1;79;11.63;100000;6002
ST300ALT;000000;105;20110419;05:38:03;00054;+37.504995;+126.877360;029.863;136.13;8;1;79;11.63;100000;5001
ST300ALT;000000;105;20110419;05:38:03;00054;+37.504995;+126.877360;029.863;136.13;8;1;79;11.63;100000;6P02
ST300ALT;000000;105;20110419;05:38:03;00054;+37.504995;+126.877360;029.863;136.13;8;1;79;11.63;100000;5P01
ST300ALT;000000;105;20110419;05:38:03;00054;+37.504995;+126.877360;029.863;136.13;8;1;79;11.63;100000;1P02
ST300ALT;000000;105;20110419;05:38:03;00054;+37.504995;+126.877360;029.863;136.13;8;1;79;11.63;100000;2P01

ST300ALT;100850001;01;010;20081017;07:41:56;2F100;+37.478519;+126.886819;032.512;000.00;9;1;500;15.30;001100;1;501;2000;4.5;1;1750;012497F1160000;1

ST300HTE;100850000;07;248;20110101;00:13:52;167559;12.28;004005;0.0;1;0;3;3;0;-22.881018;-047.070831;-22.881018;-047.070831;000.000;000.000;0;0;3;0;0;0;01E04D44160000
ST300HTE;600850777;07;377;20110101;00:01:10;151229;12.07;000669;0.0;1;135010;351;21;330;-22.881018;-047.130831;-22.882034;-047.087123;035.350;096.480;3;5;12;334;7;0;01E04D44160000

ST300ALV;100850000

ST300UEX;100850000;01;010;20081017;07:41:56;2F100;+37.478519;+126.886819;000.012;000.00;9;1;0;15.30;001100;25;Welcome to Suntech World!;12;0;4.5;1
ST300UEX;100850001;01;010;20081017;07:41:56;2F100;+37.478519;+126.886819; 032.512;000.00;9;1;500;15.30;001100;25;Welcome to Suntech World!;12;2000;4.5;1;1750;012497F1160000;1

ST300DEX;100850000;02;6;012345;2F
ST300DEX;Res;100850000;010;25;012345;2F

ST300CMD;100850000;02;StatusReq

ST300CMD;100850000;02;Reset
ST300CMD;Res;100850000;010;Reset

ST300CMD;100850000;02;Preset
ST300CMD;Res;100850000;010;Preset;NTW;0;internet;;;111.111.111.111;8600;;;;1234;RPT;60;180;120;60;3;0;0;;;;EVT;1;60;0;3;2;2;30;20;20;1;1;1;0;0;0;0;0;0;0;0;0;0;0;0;GSM;0;;;;;0;;;;;;;;SVC;1;120;0;0;0;0;1;1;1;0;0;0;0;DEV;0;0;0;0
ST300CMD;Res;100850000;010;Preset;NTW;0;internet;;;111.111.111.111;8600;;;;1234;RPT;60;180;120;60;3;0;0;;;;EVT;1;60;0;3;8;8;30;0;0;6;6;1;0;0;0;0;0;0;0;0;0;0;0;0;GSM;0;;;;;0;;;;;;;;SVC;1;120;0;0;0;0;1;1;1;0;0;0;0;DEV;0;0;0;0

ST300CMD;100850000;02;Preset A
ST300CMD;Res;100850000;010;PresetA;NTW;0;internet;;;111.111.111.111;8600;;;;1234;RPT;60;180;120;60;3;0;0;;;;EVT;1;60;0;3;2;2;30;20;20;1;1;1;0;0;0;0;0;0;0;0;0;0;0;0;GSM;0;;;;;0;;;;;;;;SVC;1;120;0;0;0;0;1;1;1;0;0;0;0;ADP;U;T;2;9000;0;0;0;0;0;0;MSR;10;0.10;0.10;0.70;MBV;9.43;21.07;17.07;8.00;18.00;0.00;0.00;NPT;02;0;0;0;0;0;500;300;5;10;5;10;DEV;0;0;0;0;0;0;0;0

ST300CMD;100850000;02;AckEmerg
ST300CMD;Res;100850000;010;AckEmerg

ST300CMD;100850000;02;Enable1
ST300CMD;Res;100850000;010;Enable1;20140213;05:16:03;04f54;+37.479630;+126.886010;000.000;000.00;0;0;3095;13.43;000000;1
ST300CMD;Res;100850000;010;Enable1NoUse

ST300CMD;100850000;02;Disable1
ST300CMD;Res;100850000;010;Disable1;EXTRA_INFO
ST300CMD;Res;100850000;010;Disable1NoUse

ST300CMD;100850000;02;Enable2
ST300CMD;Res;100850000;010;Enable2;EXTRA_INFO
ST300CMD;Res;100850000;010;Enable2NoUse

ST300CMD;100850000;02;Disable2
ST300CMD;Res;100850000;010;Disable2;EXTRA_INFO
ST300CMD;Res;100850000;010;Disable2NoUse

ST300CMD;100850000;02;Enable3
ST300CMD;Res;100850000;010;Enable3
ST300CMD;Res;100850000;010;Enable3NoUse

ST300CMD;100850000;02;Disable3
ST300CMD;Res;100850000;010;Disable3
ST300CMD;Res;100850000;010;Disable3NoUse

ST300CMD;100850000;02;ReqIMSI
ST300CMD;Res;100850000;010;ReqIMSI;724031111553779

ST300CMD;100850000;02;ReqICCID
ST300CMD;Res;100850000;010;ReqICCID;89550230000084256668

ST300CMD;100850000;02;ReqVer
ST300CMD;Res;100850000;010;ReqVer;ST300E_SAMPLE_STBASE_001

ST300CMD;100850000;02;StartCounterOdo
ST300CMD;Res;100850000;267;StartCounterOdo

ST300CMD;100850000;02;StopCountOdo=1500
ST300CMD;Res;100850000;267;StopCountOdo;3300

ST300CMD;850000;02;ReqRPMU
ST300CMD;Res;100850000;267;ReqRPMU;A
ST300CMD;Res;100850000;267;ReqRPMU;A;12500
ST300CMD;Res;100850000;267;ReqRPMU;12500

ST300CMD;;02;ReqDriverID
ST300CMD;Res;100850000;267;ReqDriverID;0100004E160000
ST300CMD;Res;100850000;267;NoDriverID

ST300CMD;;02;ReleaseDIDOutControl
ST300CMD;Res;100850000;267;ReleaseDIDOutControl

ST300CMD;100850000;02;ReqTParam
ST300CMD;Res;100850000;267;ReqTeleParam;1;1;A;A;3200;1500;4000;0;0100004E160000;;1;3;1000;0;0

ST300CMD;100850000;02;EraseAll
ST300CMD;Res;100850000;010;EraseAll

ST300CMD;100850000;02;SetOdometer=999999999
ST300CMD;Res;100850000;010;SetOdometer=999999999

ST300CMD;100850000;02;InitDist
ST300CMD;Res;100850000;010;InitDist

ST300CMD;100850000;02;InitMsgNo
ST300CMD;Res;100850000;010;InitMsgNo

ST300CMD;100850000;02;SetHMeter=999999
ST300CMD;Res;100850000;010;SetHmeter=999999

ST300CMD;100850000;02;InitCircleGeo
ST300CMD;Res;100850000;010;InitCircleGeo

ST300CMD;100850000;02;ReqCircleGeo
ST300CMD;Res;100850000;010;CircleGeoReq;001;1;1;1;+37.000000;+127.000000; 2000;1;1
ST300CMD;Res;100850000;010;CircleGeoReq;001;1;2;1;+37.100000;+ 127.100000;2000;1;0
ST300CMD;Res;100850000;010;CircleGeoReq;001;0;3;1;+37.200000;+127.200000;2000;1;1
ST300CMD;Res;100850000;CircleGeoReq;NoData

ST300CMD;100850000;02;ReqOwnNo
ST300CMD;Res;100850000;010;ReqOwnNo;82220275656

ST300CMD;100850000;02;SetOwnNo=21140108
ST300CMD;Res;100850000;010;SetOwnNo=21140108

ST300CMD;100850000;02;ReqVol
ST300CMD;Res;100850000;010;ReqVol;200

ST300CMD;100850000;02;SetVol=200
ST300CMD;Res;100850000;010;SetVol=200

ST300CMD;100850000;02;Reboot
ST300CMD;Res;100850000;010;Reboot

ST300CMD;100850000;02;EnableSvrLock
ST300CMD;Res;100850000;010;EnableSvrLock

ST300CMD;100850000;02;DisableSvrLock
ST300CMD;Res;100850000;010;DisableSvrLock

ST300CMD;100850000;02;RestartAntiTheft2
ST300CMD;Res;100850000;010;RestartAntiTheft2

ST300CMD;100850000;02;SetSMSNoOfPanic=01988888888
ST300CMD;Res;100850000;010;SetSMSNoOfPanic=01988888888

ST300CMD;100850000;02;ReqSMSNoOfPanic
ST300CMD;Res;100850000;010;ReqSMSNoOfPanic;NoData

ST300CMD;100850000;02;SetGoogleMap=http://maps.google.com/maps?q=
ST300CMD;Res;100850000;010; SetGoogleMap=http://maps.google.com/maps?q=

ST300CMD;100850000;02;SetGoogleMap=http://maps.google.com/[Lon],[Lat]/maps?q
ST300CMD;Res;100850000;010; SetGoogleMap=http://maps.google.com/[Lon],[Lat]/maps?q

ST300CMD;100850000;02;ReqGoogleMap
ST300CMD;Res;100850000;010;ReqGoogleMap;http://maps.google.com/maps?q=

ST300CMD;100850000;02;ReqShortTest
ST300CMD;Res;100850000;259;ReqShortTest

ST300CMD;100850000;02;ReqShortTest
ST300CMD;Res;100850000;259;ReqShortTest

ST300CMD;100850000;02;ImproveBatteryLife=1
ST300CMD;Res;100850000;259;ImproveBatteryLife=1
